26 116
23 589
488 624
497 37
211 225
714 242
35 298
724 206
614 568
359 234
135 723
357 279
508 449
9 522
356 263
872 453
209 139
731 513
193 704
18 20
127 376
673 779
424 735
67 66
114 32
35 14
252 158
282 402
159 881
285 137
447 82
273 169
348 107
304 267
831 428
292 122
799 797
498 691
544 373
56 17
653 506
198 197
10 133
85 131
200 332
566 15
11 40
645 101
186 256
51 76
21 151
5 367
7 15
465 458
458 110
550 668
90 518
750 770
820 137
373 93
199 385
247 251
244 336
232 678
118 327
541 609
74 281
163 422
231 227
49 380
760 159
183 112
594 853
194 69
1 4
475 72
1 46
347 484
15 744
199 339
357 517
490 455
178 414
812 626
477 507
457 125
778 301
187 646
6 94
1 10
734 43
103 362
111 815
317 294
164 216
113 726
35 80
492 230
328 354
274 622
395 784
577 9
722 405
137 74
337 63
197 423
507 551
253 50
239 25
263 340
64 345
130 74
13 470
510 269
542 837
456 293
449 454
107 889
855 568
790 412
5 32
125 319
468 354
512 661
315 64
91 9
492 585
125 129
153 322
65 66
155 780
4 214
81 32
207 130
347 11
381 102
73 117
836 564
844 211
368 91
428 177
147 832
310 85
3 52
331 11
241 450
387 52
195 169
508 630
21 45
224 164
880 334
388 197
201 527
725 829
570 377
43 37
288 565
759 301
787 352
222 302
19 49
647 316
847 66
50 58
11 142
409 419
725 490
343 262
439 342
352 764
245 335
236 15
310 644
93 80
57 59
39 55
605 17
860 205
875 424
570 610
266 718
23 50
447 738
11 73
9 6
786 248
358 69
152 97
531 466
528 82
3 68
8 7
614 816
70 676
57 223
124 58
264 6
204 280
371 401
694 335
242 674
154 650
470 888
411 756
43 254
190 294
196 785
432 431
606 314
636 80
248 486
153 12
826 76
477 821
65 61
393 215
87 56
183 250
654 66
50 707
347 737
185 5
200 443
266 209
58 86
406 116
353 765
512 288
334 208
587 10
186 303
43 74
547 52
603 127
11 867
235 840
248 73
481 743
487 166
568 101
512 569
50 96
17 64
325 541
841 187
701 628
198 608
209 308
30 355
491 143
498 415
886 814
12 9
660 706
111 107
15 104
366 90
781 299
8 353
383 153
123 721
623 458
361 429
372 586
109 215
492 578
295 283
762 461
72 61
147 30
149 129
231 651
768 316
15 196
769 792
618 251
120 65
76 146
301 235
834 612
593 115
99 163
172 247
627 380
464 233
230 148
513 543
495 686
199 106
480 212
95 123
7 17
293 282
420 76
680 632
99 33
271 344
477 336
287 278
364 292
693 830
552 20
157 502
276 73
843 515
665 64
280 662
278 189
42 4
275 436
621 522
533 228
17 38
141 129
730 20
279 62
323 89
16 187
122 202
414 430
142 211
20 98
449 54
1 2
530 477
556 50
208 74
226 574
255 115
617 362
482 123
626 171
170 742
798 631
128 370
448 159
139 108
20 28
222 111
238 73
369 540
155 115
892 814
777 823
329 33
325 163
451 67
329 421
300 68
416 769
184 232
378 271
588 521
119 391
684 29
371 311
29 165
445 142
15 84
6 1
700 448
281 397
519 203
4 13
52 145
521 279
33 164
56 75
669 418
382 868
1 26
504 449
838 522
119 96
324 214
640 351
475 692
265 236
371 652
37 160
316 177
329 534
167 52
839 586
1 200
63 811
617 766
465 818
269 96
673 56
413 363
433 49
688 489
19 399
97 22
35 41
62 382
49 136
713 382
76 206
833 659
6 416
22 27
398 327
493 450
166 459
50 168
580 174
144 193
34 9
167 412
740 224
363 817
856 656
270 690
112 161
46 857
54 23
689 449
637 198
270 117
49 77
873 640
520 405
567 193
598 750
212 128
233 545
571 705
666 828
401 554
268 26
188 58
124 221
68 83
106 33
145 400
865 75
92 16
446 381
795 119
636 863
99 115
461 381
26 241
24 375
49 776
7 516
240 205
22 53
758 846
83 887
330 200
47 3
267 122
109 848
352 84
371 535
425 455
48 441
634 127
629 515
282 92
878 629
12 18
40 219
25 242
143 131
198 758
639 440
273 341
96 696
408 375
549 297
134 635
711 641
8 189
437 537
1 835
11 19
405 61
229 35
748 108
107 675
295 472
416 717
473 29
656 546
657 531
579 536
682 57
129 321
679 572
885 700
70 13
555 114
107 87
616 150
204 29
626 698
658 650
283 854
262 169
40 61
257 350
424 72
632 336
6 850
3 11
42 263
876 108
3 157
788 418
15 24
643 318
808 214
842 621
325 417
233 197
483 598
159 151
172 87
174 169
583 349
25 132
681 646
122 559
633 221
54 277
79 21
307 796
173 30
802 373
287 444
582 177
421 426
753 202
613 515
524 260
389 299
220 188
195 260
73 102
526 428
803 567
259 199
197 192
621 874
175 218
804 528
35 36
41 57
158 90
30 62
279 745
201 6
51 1
386 442
369 24
355 699
121 138
78 56
597 222
24 113
253 775
467 214
23 31
16 30
495 560
44 31
166 71
542 659
791 584
594 80
620 197
289 438
729 116
513 601
422 466
591 76
389 859
420 561
33 150
348 403
145 685
471 309
175 181
529 363
284 87
103 48
84 326
144 142
126 108
134 28
115 805
184 261
13 16
349 262
736 327
28 410
289 309
237 177
277 851
418 27
30 732
313 191
884 818
733 773
819 386
584 59
342 70
371 677
104 177
600 296
19 272
280 351
158 752
41 474
170 34
380 571
333 172
708 477
509 382
127 84
576 352
814 103
755 93
499 430
329 879
458 891
19 39
89 548
93 663
186 175
365 352
309 363
400 596
47 217
112 415
649 420
180 113
305 638
883 726
22 135
17 90
288 56
130 210
423 825
374 144
684 693
453 141
581 100
306 159
545 687
21 18
338 660
394 354
666 487
727 228
88 148
631 311
11 23
628 583
671 507
501 695
312 32
42 235
683 196
434 274
542 346
13 619
592 381
488 184
48 178
3 590
45 546
501 101
479 176
469 258
226 73
386 108
277 625
741 532
554 793
782 22
244 95
201 864
496 31
250 314
299 293
648 579
86 703
514 448
772 79
56 95
237 539
759 827
214 396
191 188
612 225
523 162
199 407
297 241
103 190
85 483
595 175
213 7
108 61
31 246
807 125
142 291
46 125
525 822
38 85
182 641
137 243
28 156
483 712
871 44
468 783
409 313
258 427
253 672
280 346
171 156
184 24
494 611
51 121
474 771
311 328
188 513
416 563
54 154
670 264
427 877
757 436
29 26
615 328
572 307
37 18
30 395
4 109
30 69
460 122
32 60
358 538
702 379
275 173
33 32
71 68
849 418
227 212
489 255
582 789
267 858
43 110
750 809
6 7
602 63
759 866
286 88
345 869
503 215
95 525
751 15
607 177
169 318
372 104
305 284
515 78
719 344
733 316
806 596
161 440
749 18
312 575
294 495
428 862
411 304
88 19
127 175
213 228
511 348
48 45
573 60
170 249
204 715
453 536
109 162
118 3
52 89
431 388
393 404
229 728
890 194
147 747
82 81
126 258
64 234
274 166
122 13
168 179
160 794
558 204
797 157
435 333
494 302
440 810
10 14
870 589
361 152
572 739
777 800
161 463
20 390
642 14
100 72